Webots Project File version R2019a
perspectives: 000000ff00000000fd00000003000000000000000000000000fc0100000001fb0000001a0044006f00630075006d0065006e0074006100740069006f006e0000000000000000140000005400ffffff0000000100000124000001befc0200000001fb0000001400540065007800740045006400690074006f0072010000001a000001be0000003e00ffffff0000000300000557000000d8fc0100000001fb0000000e0043006f006e0073006f006c00650100000000000005570000005400ffffff0000042d000001be00000001000000020000000100000008fc00000000
simulationViewPerspectives: 000000ff0000000100000002000001180000032d0100000006010000000100
sceneTreePerspectives: 000000ff0000000100000002000000c0000000fc0100000006010000000200
maximizedDockId: -1
centralWidgetVisible: 1
selectionDisabled: 0
viewpointLocked: 0
orthographicViewHeight: 1
textFiles: -1
renderingDevicePerspectives: PIONEER_3AT:kinect color;1;0.326316;0.864085;0
renderingDevicePerspectives: PIONEER_3AT:kinect range;1;0.357895;0;0
